Fairseq batch: {'idx': tensor([993, 859, 298, 553, 672, 971,  27, 231, 306, 706, 496, 558, 784, 239,
        578,  55, 906, 175,  14,  77,  31, 481, 310, 311, 883, 788,  45, 103,
        760,   1, 823, 710, 614, 790, 408, 736, 957, 366, 918, 267, 230, 996,
        635, 698, 251, 783, 819, 141, 316, 587, 331, 295, 262, 432, 862, 582,
        272, 270, 987, 319, 569, 643, 142, 202, 413, 196, 264, 531, 252, 576,
        738, 299, 740, 247, 926, 412, 389, 796, 601, 654, 261, 456, 386, 982,
        909, 693, 236, 501, 497, 874, 452, 494, 923, 279, 638, 485, 568, 108,
        367, 644, 785, 873,  65, 902, 317, 636, 666, 789, 958, 214,  97, 583,
        466, 523, 255, 385, 545, 382, 489, 513, 780, 904, 122, 946,  60, 844,
        372, 283, 939, 608, 495, 630, 596, 713, 753, 624, 312,   8, 529, 876,
        101, 615, 520, 249, 278, 424, 384, 395,  54,  34, 271,  30, 403, 757,
        975, 990, 457, 362, 860, 483, 580, 986, 688, 864, 927, 378, 320, 942,
        351, 418, 945, 795, 145, 826, 492, 751, 240, 648, 886, 144, 767, 999,
        467, 315, 989, 922, 717, 458, 773, 204, 834, 832, 435,   5, 769, 679,
        722, 215, 653, 150, 687, 500, 332, 979, 817, 620, 814, 516, 518, 940,
        113, 612,  37, 894, 895, 992, 158, 154,  40, 585, 805, 592, 964, 266,
        406, 294, 604, 522,  18, 425, 527, 308, 622, 794,  62,  79, 680, 193,
        750, 181, 535, 484, 200, 364, 991, 462, 356,   2, 478, 695, 253, 667,
         85, 969,  75, 786, 658, 465, 920,  38, 944, 725, 436, 140, 818, 602,
        745, 471, 342, 416, 711, 557,  50, 162, 765, 856, 867, 524, 443, 172,
        956, 330, 352, 857, 766,  39, 852, 875, 156, 222, 641, 210, 746, 960,
        700, 167, 998, 984, 491,  10, 105,  68, 479, 399, 434, 258, 827, 884,
        304, 811, 938, 924, 526,  20, 905, 380, 420, 285,  71,  49, 179, 506,
        929, 116, 293,  76,  48, 503, 263, 808, 863, 748,  64, 798,  52, 440,
        124, 650, 409, 752, 952, 477, 118,  12, 157, 337, 127,  46, 235, 538,
        241, 590, 358, 959, 848, 792, 325, 899, 809, 350, 363,  17, 186, 402,
        338, 206, 963, 345, 313, 242, 913, 170, 187, 934, 133, 301, 731, 670,
        318,  78, 521, 346, 198, 865, 548, 915, 588, 447,  21, 724, 718, 250,
        243, 571,  35,  81, 159, 333, 837, 474, 671, 109, 661, 379, 625, 603,
         92, 451, 652, 822, 855, 390, 577, 985, 422, 211, 171, 165, 238, 188,
        685, 803, 344, 741, 453, 646, 830, 155, 487, 597, 988, 125,  66, 908,
        511, 224, 268, 161, 813, 618, 676, 178, 950, 415, 100, 733, 689, 229,
        334, 627, 702, 878, 482, 919, 220, 391, 912, 427, 309, 775, 885,  15,
        493, 245, 898,   6, 613, 533, 397, 721, 858, 691, 104, 303, 549, 729,
        208, 302,  51,  90, 354, 632, 460,  22, 374, 546, 439, 218, 737, 505,
        605, 801, 948, 683, 205, 647, 190, 361, 664, 375, 631, 185, 732, 404,
        194, 564, 401, 530, 656, 441, 132, 233, 173, 428, 567, 967, 758, 626,
         96, 781, 499,  74,  89, 609,   0, 392, 476, 799, 519, 107, 708, 634,
        223, 327, 102, 704, 475, 213, 135, 246, 970, 891, 619, 815, 365, 812,
         26, 642, 417, 907, 921,   3, 134, 355, 877, 768, 836, 561, 892, 225,
        820, 369, 681, 339, 419, 829, 951, 454,  63, 759, 360, 237, 112, 640,
        532, 126, 259, 742, 761, 137,   7, 502, 831, 762, 851, 407, 692, 353,
        153, 566, 542, 343, 887, 997, 825,  56, 400, 572, 473, 468, 651, 669,
        504, 900, 649, 931, 300, 674, 665, 570, 163, 336,  59, 821, 933, 490,
        787, 449, 703, 437, 563, 720, 890, 219, 678, 586, 282, 348, 686,   4,
        995, 463, 776, 682, 879, 517, 573, 793, 893, 534, 903, 276, 284, 470,
        426, 281, 120, 593, 981,  13, 655, 455, 584, 955, 160, 977, 973, 715,
        744, 195, 191, 628, 536, 880, 164, 106,  16, 575, 925, 712, 540, 329,
        480, 498, 968, 405, 743,  93, 433,  83, 843, 914, 657, 414, 662, 978,
        771, 728, 911, 807, 322, 556, 357,  69, 514, 509, 340, 221, 928, 146,
        289,  29, 114, 508, 810, 972, 176, 168, 347, 376, 764, 871, 889, 772,
        189, 136, 446, 839, 254, 881, 290, 941, 954, 232, 645,  33,  88,  44,
        341,  61, 953, 199, 429, 747, 394, 730, 297,  73, 393, 547, 579, 541,
        854, 833, 840, 663, 217, 539, 828, 623, 668, 824, 421, 694, 138, 212,
        616, 842, 838, 866, 727, 965, 701, 726, 917, 716, 234,  67,  24, 381,
        216, 735, 129, 349, 111, 166, 207, 438, 552, 274, 974, 591, 800, 937,
        525, 287, 469, 326, 121, 994, 507, 228, 673, 595, 445, 117, 464,  25,
        110, 149, 152, 528, 696, 621, 461, 598, 139, 749, 260, 961, 323, 897,
        248, 450, 410, 607,  19, 328, 296, 269, 226,  94, 515, 841, 637, 280,
        286, 589, 930, 444, 184, 371, 872, 976, 275, 806, 935, 182,  32,  80,
        307, 770,  11,  43,  86, 778,  36, 980,  58,  41, 782, 411, 562, 209,
        148, 739, 594, 123, 734, 574,  98, 377, 130, 699,  23, 869, 555, 370,
        512, 383, 201, 368, 554, 610, 387, 861, 816, 292, 690, 256, 606, 197,
         95, 962, 943, 169, 581, 305, 560, 853, 373, 719, 791, 227, 660, 143,
        846, 180, 868, 131, 949,  47, 774, 324, 203,  84, 633, 565, 611, 398,
        896,  91,  82, 430, 779, 119, 870, 291,  57, 321, 257, 888, 947, 442,
         42, 617, 388, 335, 273, 756, 488, 550, 901,  53, 932, 936, 128, 802,
         28, 183, 882, 459, 510, 675, 151, 244, 714, 543, 544, 639, 697, 265,
        288, 423, 910, 147, 659, 797, 966, 177,  99, 850, 448, 431, 847, 709,
        755, 115, 916, 777,  72, 845, 537, 677, 849, 983, 174,  87, 551, 486,
        705, 314, 396, 600, 472,  70, 599, 804, 754, 277, 723,   9, 359, 707,
        763, 835, 192, 629, 559, 684]), 'attn_bias': tensor([[[0., 0., 0., 0., 0., 0., 0., 0., 0., 0., 0., 0., 0., 0., -inf, -inf, -inf, -inf, -inf],
         [0., 0., 0., 0., 0., 0., 0., 0., 0., 0., 0., 0., 0., 0., -inf, -inf, -inf, -inf, -inf],
         [0., 0., 0., 0., 0., 0., 0., 0., 0., 0., 0., 0., 0., 0., -inf, -inf, -inf, -inf, -inf],
         [0., 0., 0., 0., 0., 0., 0., 0., 0., 0., 0., 0., 0., 0., -inf, -inf, -inf, -inf, -inf],
         [0., 0., 0., 0., 0., 0., 0., 0., 0., 0., 0., 0., 0., 0., -inf, -inf, -inf, -inf, -inf],
         [0., 0., 0., 0., 0., 0., 0., 0., 0., 0., 0., 0., 0., 0., -inf, -inf, -inf, -inf, -inf],
         [0., 0., 0., 0., 0., 0., 0., 0., 0., 0., 0., 0., 0., 0., -inf, -inf, -inf, -inf, -inf],
         [0., 0., 0., 0., 0., 0., 0., 0., 0., 0., 0., 0., 0., 0., -inf, -inf, -inf, -inf, -inf],
         [0., 0., 0., 0., 0., 0., 0., 0., 0., 0., 0., 0., 0., 0., -inf, -inf, -inf, -inf, -inf],
         [0., 0., 0., 0., 0., 0., 0., 0., 0., 0., 0., 0., 0., 0., -inf, -inf, -inf, -inf, -inf],
         [0., 0., 0., 0., 0., 0., 0., 0., 0., 0., 0., 0., 0., 0., -inf, -inf, -inf, -inf, -inf],
         [0., 0., 0., 0., 0., 0., 0., 0., 0., 0., 0., 0., 0., 0., -inf, -inf, -inf, -inf, -inf],
         [0., 0., 0., 0., 0., 0., 0., 0., 0., 0., 0., 0., 0., 0., -inf, -inf, -inf, -inf, -inf],
         [0., 0., 0., 0., 0., 0., 0., 0., 0., 0., 0., 0., 0., 0., -inf, -inf, -inf, -inf, -inf],
         [0., 0., 0., 0., 0., 0., 0., 0., 0., 0., 0., 0., 0., 0., -inf, -inf, -inf, -inf, -inf],
         [0., 0., 0., 0., 0., 0., 0., 0., 0., 0., 0., 0., 0., 0., -inf, -inf, -inf, -inf, -inf],
         [0., 0., 0., 0., 0., 0., 0., 0., 0., 0., 0., 0., 0., 0., -inf, -inf, -inf, -inf, -inf],
         [0., 0., 0., 0., 0., 0., 0., 0., 0., 0., 0., 0., 0., 0., -inf, -inf, -inf, -inf, -inf],
         [0., 0., 0., 0., 0., 0., 0., 0., 0., 0., 0., 0., 0., 0., -inf, -inf, -inf, -inf, -inf]]]), 'attn_edge_type': tensor([[[[   0,    0,    0],
          [   3,  514, 1027],
          [   0,    0,    0],
          [   0,    0,    0],
          [   0,    0,    0],
          [   0,    0,    0],
          [   0,    0,    0],
          [   0,    0,    0],
          [   0,    0,    0],
          [   0,    0,    0],
          [   0,    0,    0],
          [   0,    0,    0],
          [   0,    0,    0],
          [   0,    0,    0],
          [   0,    0,    0],
          [   0,    0,    0],
          [   0,    0,    0],
          [   0,    0,    0]],

         [[   3,  514, 1027],
          [   0,    0,    0],
          [   2,  514, 1027],
          [   0,    0,    0],
          [   0,    0,    0],
          [   0,    0,    0],
          [   0,    0,    0],
          [   0,    0,    0],
          [   0,    0,    0],
          [   0,    0,    0],
          [   2,  514, 1026],
          [   0,    0,    0],
          [   0,    0,    0],
          [   0,    0,    0],
          [   0,    0,    0],
          [   0,    0,    0],
          [   0,    0,    0],
          [   0,    0,    0]],

         [[   0,    0,    0],
          [   2,  514, 1027],
          [   0,    0,    0],
          [   2,  514, 1027],
          [   0,    0,    0],
          [   0,    0,    0],
          [   0,    0,    0],
          [   0,    0,    0],
          [   0,    0,    0],
          [   0,    0,    0],
          [   0,    0,    0],
          [   0,    0,    0],
          [   0,    0,    0],
          [   0,    0,    0],
          [   0,    0,    0],
          [   0,    0,    0],
          [   0,    0,    0],
          [   0,    0,    0]],

         [[   0,    0,    0],
          [   0,    0,    0],
          [   2,  514, 1027],
          [   0,    0,    0],
          [   5,  514, 1027],
          [   0,    0,    0],
          [   0,    0,    0],
          [   0,    0,    0],
          [   5,  514, 1027],
          [   0,    0,    0],
          [   0,    0,    0],
          [   0,    0,    0],
          [   0,    0,    0],
          [   0,    0,    0],
          [   0,    0,    0],
          [   0,    0,    0],
          [   0,    0,    0],
          [   0,    0,    0]],

         [[   0,    0,    0],
          [   0,    0,    0],
          [   0,    0,    0],
          [   5,  514, 1027],
          [   0,    0,    0],
          [   5,  514, 1027],
          [   0,    0,    0],
          [   0,    0,    0],
          [   0,    0,    0],
          [   0,    0,    0],
          [   0,    0,    0],
          [   0,    0,    0],
          [   0,    0,    0],
          [   0,    0,    0],
          [   0,    0,    0],
          [   0,    0,    0],
          [   0,    0,    0],
          [   0,    0,    0]],

         [[   0,    0,    0],
          [   0,    0,    0],
          [   0,    0,    0],
          [   0,    0,    0],
          [   5,  514, 1027],
          [   0,    0,    0],
          [   5,  514, 1027],
          [   0,    0,    0],
          [   0,    0,    0],
          [   0,    0,    0],
          [   0,    0,    0],
          [   0,    0,    0],
          [   0,    0,    0],
          [   0,    0,    0],
          [   0,    0,    0],
          [   0,    0,    0],
          [   0,    0,    0],
          [   0,    0,    0]],

         [[   0,    0,    0],
          [   0,    0,    0],
          [   0,    0,    0],
          [   0,    0,    0],
          [   0,    0,    0],
          [   5,  514, 1027],
          [   0,    0,    0],
          [   5,  514, 1027],
          [   0,    0,    0],
          [   0,    0,    0],
          [   0,    0,    0],
          [   0,    0,    0],
          [   2,  514, 1026],
          [   0,    0,    0],
          [   0,    0,    0],
          [   0,    0,    0],
          [   0,    0,    0],
          [   0,    0,    0]],

         [[   0,    0,    0],
          [   0,    0,    0],
          [   0,    0,    0],
          [   0,    0,    0],
          [   0,    0,    0],
          [   0,    0,    0],
          [   5,  514, 1027],
          [   0,    0,    0],
          [   5,  514, 1027],
          [   0,    0,    0],
          [   0,    0,    0],
          [   0,    0,    0],
          [   0,    0,    0],
          [   0,    0,    0],
          [   0,    0,    0],
          [   0,    0,    0],
          [   0,    0,    0],
          [   0,    0,    0]],

         [[   0,    0,    0],
          [   0,    0,    0],
          [   0,    0,    0],
          [   5,  514, 1027],
          [   0,    0,    0],
          [   0,    0,    0],
          [   0,    0,    0],
          [   5,  514, 1027],
          [   0,    0,    0],
          [   2,  514, 1027],
          [   0,    0,    0],
          [   0,    0,    0],
          [   0,    0,    0],
          [   0,    0,    0],
          [   0,    0,    0],
          [   0,    0,    0],
          [   0,    0,    0],
          [   0,    0,    0]],

         [[   0,    0,    0],
          [   0,    0,    0],
          [   0,    0,    0],
          [   0,    0,    0],
          [   0,    0,    0],
          [   0,    0,    0],
          [   0,    0,    0],
          [   0,    0,    0],
          [   2,  514, 1027],
          [   0,    0,    0],
          [   2,  514, 1026],
          [   0,    0,    0],
          [   0,    0,    0],
          [   0,    0,    0],
          [   0,    0,    0],
          [   0,    0,    0],
          [   0,    0,    0],
          [   0,    0,    0]],

         [[   0,    0,    0],
          [   2,  514, 1026],
          [   0,    0,    0],
          [   0,    0,    0],
          [   0,    0,    0],
          [   0,    0,    0],
          [   0,    0,    0],
          [   0,    0,    0],
          [   0,    0,    0],
          [   2,  514, 1026],
          [   0,    0,    0],
          [   2,  514, 1026],
          [   0,    0,    0],
          [   0,    0,    0],
          [   0,    0,    0],
          [   0,    0,    0],
          [   0,    0,    0],
          [   0,    0,    0]],

         [[   0,    0,    0],
          [   0,    0,    0],
          [   0,    0,    0],
          [   0,    0,    0],
          [   0,    0,    0],
          [   0,    0,    0],
          [   0,    0,    0],
          [   0,    0,    0],
          [   0,    0,    0],
          [   0,    0,    0],
          [   2,  514, 1026],
          [   0,    0,    0],
          [   0,    0,    0],
          [   0,    0,    0],
          [   0,    0,    0],
          [   0,    0,    0],
          [   0,    0,    0],
          [   0,    0,    0]],

         [[   0,    0,    0],
          [   0,    0,    0],
          [   0,    0,    0],
          [   0,    0,    0],
          [   0,    0,    0],
          [   0,    0,    0],
          [   2,  514, 1026],
          [   0,    0,    0],
          [   0,    0,    0],
          [   0,    0,    0],
          [   0,    0,    0],
          [   0,    0,    0],
          [   0,    0,    0],
          [   0,    0,    0],
          [   0,    0,    0],
          [   0,    0,    0],
          [   0,    0,    0],
          [   0,    0,    0]],

         [[   0,    0,    0],
          [   0,    0,    0],
          [   0,    0,    0],
          [   0,    0,    0],
          [   0,    0,    0],
          [   0,    0,    0],
          [   0,    0,    0],
          [   0,    0,    0],
          [   0,    0,    0],
          [   0,    0,    0],
          [   0,    0,    0],
          [   0,    0,    0],
          [   0,    0,    0],
          [   0,    0,    0],
          [   0,    0,    0],
          [   0,    0,    0],
          [   0,    0,    0],
          [   0,    0,    0]],

         [[   0,    0,    0],
          [   0,    0,    0],
          [   0,    0,    0],
          [   0,    0,    0],
          [   0,    0,    0],
          [   0,    0,    0],
          [   0,    0,    0],
          [   0,    0,    0],
          [   0,    0,    0],
          [   0,    0,    0],
          [   0,    0,    0],
          [   0,    0,    0],
          [   0,    0,    0],
          [   0,    0,    0],
          [   0,    0,    0],
          [   0,    0,    0],
          [   0,    0,    0],
          [   0,    0,    0]],

         [[   0,    0,    0],
          [   0,    0,    0],
          [   0,    0,    0],
          [   0,    0,    0],
          [   0,    0,    0],
          [   0,    0,    0],
          [   0,    0,    0],
          [   0,    0,    0],
          [   0,    0,    0],
          [   0,    0,    0],
          [   0,    0,    0],
          [   0,    0,    0],
          [   0,    0,    0],
          [   0,    0,    0],
          [   0,    0,    0],
          [   0,    0,    0],
          [   0,    0,    0],
          [   0,    0,    0]],

         [[   0,    0,    0],
          [   0,    0,    0],
          [   0,    0,    0],
          [   0,    0,    0],
          [   0,    0,    0],
          [   0,    0,    0],
          [   0,    0,    0],
          [   0,    0,    0],
          [   0,    0,    0],
          [   0,    0,    0],
          [   0,    0,    0],
          [   0,    0,    0],
          [   0,    0,    0],
          [   0,    0,    0],
          [   0,    0,    0],
          [   0,    0,    0],
          [   0,    0,    0],
          [   0,    0,    0]],

         [[   0,    0,    0],
          [   0,    0,    0],
          [   0,    0,    0],
          [   0,    0,    0],
          [   0,    0,    0],
          [   0,    0,    0],
          [   0,    0,    0],
          [   0,    0,    0],
          [   0,    0,    0],
          [   0,    0,    0],
          [   0,    0,    0],
          [   0,    0,    0],
          [   0,    0,    0],
          [   0,    0,    0],
          [   0,    0,    0],
          [   0,    0,    0],
          [   0,    0,    0],
          [   0,    0,    0]]]]), 'spatial_pos': tensor([[[1, 2, 3, 4, 5, 6, 7, 6, 5, 4, 3, 4, 8, 0, 0, 0, 0, 0],
         [2, 1, 2, 3, 4, 5, 6, 5, 4, 3, 2, 3, 7, 0, 0, 0, 0, 0],
         [3, 2, 1, 2, 3, 4, 5, 4, 3, 4, 3, 4, 6, 0, 0, 0, 0, 0],
         [4, 3, 2, 1, 2, 3, 4, 3, 2, 3, 4, 5, 5, 0, 0, 0, 0, 0],
         [5, 4, 3, 2, 1, 2, 3, 4, 3, 4, 5, 6, 4, 0, 0, 0, 0, 0],
         [6, 5, 4, 3, 2, 1, 2, 3, 4, 5, 6, 7, 3, 0, 0, 0, 0, 0],
         [7, 6, 5, 4, 3, 2, 1, 2, 3, 4, 5, 6, 2, 0, 0, 0, 0, 0],
         [6, 5, 4, 3, 4, 3, 2, 1, 2, 3, 4, 5, 3, 0, 0, 0, 0, 0],
         [5, 4, 3, 2, 3, 4, 3, 2, 1, 2, 3, 4, 4, 0, 0, 0, 0, 0],
         [4, 3, 4, 3, 4, 5, 4, 3, 2, 1, 2, 3, 5, 0, 0, 0, 0, 0],
         [3, 2, 3, 4, 5, 6, 5, 4, 3, 2, 1, 2, 6, 0, 0, 0, 0, 0],
         [4, 3, 4, 5, 6, 7, 6, 5, 4, 3, 2, 1, 7, 0, 0, 0, 0, 0],
         [8, 7, 6, 5, 4, 3, 2, 3, 4, 5, 6, 7, 1, 0, 0, 0, 0, 0],
         [0, 0, 0, 0, 0, 0, 0, 0, 0, 0, 0, 0, 0, 0, 0, 0, 0, 0],
         [0, 0, 0, 0, 0, 0, 0, 0, 0, 0, 0, 0, 0, 0, 0, 0, 0, 0],
         [0, 0, 0, 0, 0, 0, 0, 0, 0, 0, 0, 0, 0, 0, 0, 0, 0, 0],
         [0, 0, 0, 0, 0, 0, 0, 0, 0, 0, 0, 0, 0, 0, 0, 0, 0, 0],
         [0, 0, 0, 0, 0, 0, 0, 0, 0, 0, 0, 0, 0, 0, 0, 0, 0, 0]]]), 'in_degree': tensor([[2, 4, 3, 4, 3, 3, 4, 3, 4, 3, 4, 2, 2, 0, 0, 0, 0, 0]]), 'out_degree': tensor([[2, 4, 3, 4, 3, 3, 4, 3, 4, 3, 4, 2, 2, 0, 0, 0, 0, 0]]), 'x': tensor([[[   9,  514, 1027, 1543, 2050, 2562, 3075, 3586, 4098],
         [   7,  514, 1029, 1543, 2050, 2562, 3075, 3586, 4099],
         [   8,  514, 1028, 1543, 2050, 2563, 3075, 3586, 4099],
         [   7,  514, 1029, 1543, 2050, 2562, 3075, 3587, 4099],
         [   7,  514, 1029, 1543, 2051, 2562, 3075, 3587, 4099],
         [   7,  514, 1029, 1543, 2051, 2562, 3075, 3587, 4099],
         [   7,  514, 1029, 1543, 2050, 2562, 3075, 3587, 4099],
         [   7,  514, 1029, 1543, 2051, 2562, 3075, 3587, 4099],
         [   7,  514, 1029, 1543, 2050, 2562, 3075, 3587, 4099],
         [   8,  514, 1028, 1543, 2050, 2563, 3075, 3586, 4099],
         [   7,  516, 1030, 1543, 2051, 2562, 3076, 3586, 4099],
         [   8,  514, 1029, 1543, 2052, 2562, 3076, 3586, 4098],
         [  36,  514, 1027, 1543, 2050, 2562, 3076, 3586, 4098],
         [   0,    0,    0,    0,    0,    0,    0,    0,    0],
         [   0,    0,    0,    0,    0,    0,    0,    0,    0],
         [   0,    0,    0,    0,    0,    0,    0,    0,    0],
         [   0,    0,    0,    0,    0,    0,    0,    0,    0],
         [   0,    0,    0,    0,    0,    0,    0,    0,    0]]]), 'edge_input': tensor([[[[[   0,    0,    0],
           [   0,    0,    0],
           [   0,    0,    0],
           [   0,    0,    0],
           [   0,    0,    0]],

          [[   4,  515, 1028],
           [   0,    0,    0],
           [   0,    0,    0],
           [   0,    0,    0],
           [   0,    0,    0]],

          [[   4,  515, 1028],
           [   3,  515, 1028],
           [   0,    0,    0],
           [   0,    0,    0],
           [   0,    0,    0]],

          ...,

          [[   0,    0,    0],
           [   0,    0,    0],
           [   0,    0,    0],
           [   0,    0,    0],
           [   0,    0,    0]],

          [[   0,    0,    0],
           [   0,    0,    0],
           [   0,    0,    0],
           [   0,    0,    0],
           [   0,    0,    0]],

          [[   0,    0,    0],
           [   0,    0,    0],
           [   0,    0,    0],
           [   0,    0,    0],
           [   0,    0,    0]]],


         [[[   4,  515, 1028],
           [   0,    0,    0],
           [   0,    0,    0],
           [   0,    0,    0],
           [   0,    0,    0]],

          [[   0,    0,    0],
           [   0,    0,    0],
           [   0,    0,    0],
           [   0,    0,    0],
           [   0,    0,    0]],

          [[   3,  515, 1028],
           [   0,    0,    0],
           [   0,    0,    0],
           [   0,    0,    0],
           [   0,    0,    0]],

          ...,

          [[   0,    0,    0],
           [   0,    0,    0],
           [   0,    0,    0],
           [   0,    0,    0],
           [   0,    0,    0]],

          [[   0,    0,    0],
           [   0,    0,    0],
           [   0,    0,    0],
           [   0,    0,    0],
           [   0,    0,    0]],

          [[   0,    0,    0],
           [   0,    0,    0],
           [   0,    0,    0],
           [   0,    0,    0],
           [   0,    0,    0]]],


         [[[   3,  515, 1028],
           [   4,  515, 1028],
           [   0,    0,    0],
           [   0,    0,    0],
           [   0,    0,    0]],

          [[   3,  515, 1028],
           [   0,    0,    0],
           [   0,    0,    0],
           [   0,    0,    0],
           [   0,    0,    0]],

          [[   0,    0,    0],
           [   0,    0,    0],
           [   0,    0,    0],
           [   0,    0,    0],
           [   0,    0,    0]],

          ...,

          [[   0,    0,    0],
           [   0,    0,    0],
           [   0,    0,    0],
           [   0,    0,    0],
           [   0,    0,    0]],

          [[   0,    0,    0],
           [   0,    0,    0],
           [   0,    0,    0],
           [   0,    0,    0],
           [   0,    0,    0]],

          [[   0,    0,    0],
           [   0,    0,    0],
           [   0,    0,    0],
           [   0,    0,    0],
           [   0,    0,    0]]],


         ...,


         [[[   0,    0,    0],
           [   0,    0,    0],
           [   0,    0,    0],
           [   0,    0,    0],
           [   0,    0,    0]],

          [[   0,    0,    0],
           [   0,    0,    0],
           [   0,    0,    0],
           [   0,    0,    0],
           [   0,    0,    0]],

          [[   0,    0,    0],
           [   0,    0,    0],
           [   0,    0,    0],
           [   0,    0,    0],
           [   0,    0,    0]],

          ...,

          [[   0,    0,    0],
           [   0,    0,    0],
           [   0,    0,    0],
           [   0,    0,    0],
           [   0,    0,    0]],

          [[   0,    0,    0],
           [   0,    0,    0],
           [   0,    0,    0],
           [   0,    0,    0],
           [   0,    0,    0]],

          [[   0,    0,    0],
           [   0,    0,    0],
           [   0,    0,    0],
           [   0,    0,    0],
           [   0,    0,    0]]],


         [[[   0,    0,    0],
           [   0,    0,    0],
           [   0,    0,    0],
           [   0,    0,    0],
           [   0,    0,    0]],

          [[   0,    0,    0],
           [   0,    0,    0],
           [   0,    0,    0],
           [   0,    0,    0],
           [   0,    0,    0]],

          [[   0,    0,    0],
           [   0,    0,    0],
           [   0,    0,    0],
           [   0,    0,    0],
           [   0,    0,    0]],

          ...,

          [[   0,    0,    0],
           [   0,    0,    0],
           [   0,    0,    0],
           [   0,    0,    0],
           [   0,    0,    0]],

          [[   0,    0,    0],
           [   0,    0,    0],
           [   0,    0,    0],
           [   0,    0,    0],
           [   0,    0,    0]],

          [[   0,    0,    0],
           [   0,    0,    0],
           [   0,    0,    0],
           [   0,    0,    0],
           [   0,    0,    0]]],


         [[[   0,    0,    0],
           [   0,    0,    0],
           [   0,    0,    0],
           [   0,    0,    0],
           [   0,    0,    0]],

          [[   0,    0,    0],
           [   0,    0,    0],
           [   0,    0,    0],
           [   0,    0,    0],
           [   0,    0,    0]],

          [[   0,    0,    0],
           [   0,    0,    0],
           [   0,    0,    0],
           [   0,    0,    0],
           [   0,    0,    0]],

          ...,

          [[   0,    0,    0],
           [   0,    0,    0],
           [   0,    0,    0],
           [   0,    0,    0],
           [   0,    0,    0]],

          [[   0,    0,    0],
           [   0,    0,    0],
           [   0,    0,    0],
           [   0,    0,    0],
           [   0,    0,    0]],

          [[   0,    0,    0],
           [   0,    0,    0],
           [   0,    0,    0],
           [   0,    0,    0],
           [   0,    0,    0]]]]]), 'y': tensor([2.5851])}
